64 179
0 7
0 12
0 13
0 27
0 40
0 46
1 8
1 9
1 16
1 18
1 20
1 31
1 42
2 7
2 13
2 51
2 61
3 10
3 26
3 49
3 59
4 14
4 20
4 38
4 39
4 42
5 11
5 21
5 44
5 45
5 48
5 53
5 62
6 41
6 49
6 52
6 59
6 63
7 13
7 46
7 51
8 9
8 16
8 19
8 23
9 19
9 22
9 31
10 11
10 26
10 59
10 62
11 17
11 53
11 59
11 62
12 14
12 27
12 36
12 39
12 40
12 58
13 24
13 28
13 40
13 61
14 20
14 25
14 39
14 58
15 33
15 34
15 45
15 55
15 57
16 18
16 23
16 33
16 37
16 48
16 57
17 41
17 53
17 59
18 37
18 42
19 22
19 23
19 43
20 25
20 29
20 31
20 32
20 42
21 44
21 47
21 48
21 54
21 60
22 35
22 43
22 52
23 33
23 43
23 55
24 26
24 28
24 49
24 61
25 29
25 30
25 58
26 28
26 49
26 56
26 62
27 30
27 46
27 51
27 58
28 40
28 56
29 30
29 31
29 32
30 51
30 58
31 32
33 55
33 57
34 35
34 41
34 45
34 55
34 63
35 43
35 52
35 55
35 63
36 39
36 40
36 54
36 60
37 38
37 39
37 42
37 48
37 54
38 39
38 42
39 54
40 47
40 56
40 60
41 45
41 53
41 59
41 63
43 55
44 47
44 50
44 62
45 48
45 53
45 57
46 51
47 50
47 56
47 60
48 54
48 57
49 59
49 61
50 56
50 62
51 61
52 63
54 60
56 62
