64 177
0 3
0 14
0 25
0 30
0 45
0 49
1 13
1 19
1 40
1 48
1 63
2 15
2 16
2 42
2 44
2 57
3 13
3 19
3 30
3 37
3 49
3 63
4 9
4 28
4 29
4 52
5 7
5 24
5 31
5 38
5 47
5 55
6 17
6 22
6 27
6 35
6 40
6 43
6 48
7 10
7 14
7 24
7 38
7 40
8 26
8 32
8 34
8 36
9 28
9 29
9 43
9 60
10 14
10 30
10 40
10 63
11 20
11 23
11 24
11 39
11 45
11 55
11 62
12 15
12 29
12 41
12 52
12 59
13 19
13 63
14 24
14 30
14 45
15 41
15 44
15 51
15 52
15 57
16 26
16 42
16 52
16 57
17 35
17 43
17 50
18 19
18 33
18 37
18 54
19 33
19 37
19 48
19 56
20 34
20 39
20 62
21 37
21 49
21 53
21 54
22 35
22 40
22 44
22 47
23 25
23 39
23 45
23 53
24 45
24 55
25 45
25 49
25 53
26 36
26 42
26 52
27 28
27 43
27 46
27 48
27 60
28 33
28 46
28 60
29 43
29 52
29 59
30 63
31 36
31 42
31 44
31 47
31 55
31 58
32 34
32 36
32 58
32 62
33 46
33 54
33 56
34 62
35 44
35 50
35 51
35 61
36 42
36 58
37 49
37 54
38 40
38 47
39 53
40 47
40 48
40 63
41 51
41 59
41 61
42 44
43 50
43 59
43 60
44 47
44 51
46 48
46 56
48 56
49 53
50 59
50 61
51 61
52 57
55 58
55 62
58 62
59 61
